130
307 698 309 529 720 791 267 257 52 175 742 941 820 525 863 864 70 892 752 496 707 516 833 9 59 253 984 110 473 958 926 758 935 187 56 790 60 465 655 390 638 879 749 772 44 824 499 13 707 609 544 687 760 398 725 295 538 180 297 49 414 68 269 279 256 828 23 519 914 935 387 414 664 961 941 536 581 781 127 762 755 236 168 109 983 520 726 935 855 720 701 524 328 773 866 340 917 791 629 773 787 135 351 811 322 603 110 938 795 511 423 572 654 189 762 618 655 607 86 402 808 595 517 388 116 909 60 947 407 944
201 550 713 634 400 276 336 409 739 672 283 714 258 176 541 23 972 765 953 663 370 953 368 472 753 463 449 411 409 968 697 879 280 581 517 245 298 795 958 410 74 209 452 53 188 942 569 747 717 739 224 379 666 626 119 145 744 501 226 941 467 610 972 666 867 79 88 869 69 816 551 914 737 68 262 866 853 127 725 583 949 534 134 114 626 925 749 892 316 880 304 880 780 796 732 661 465 63 550 960 843 424 730 664 503 773 773 138 387 543 151 551 173 807 511 681 520 318 225 300 902 764 728 968 391 678 213 52 157 904
421 178 488 681 764 348 980 456 710 597 163 20 970 429 360 816 644 243 14 141 87 44 96 724 467 75 163 706 745 19 383 67 30 49 123 534 597 495 963 304 660 85 415 465 929 11 900 627 854 23 533 451 82 927 425 983 590 131 562 860 490 856 488 809 964 608 758 916 575 77 513 435 754 476 806 302 51 542 210 788 391 997 926 979 191 842 165 338 786 725 733 702 236 536 330 39 139 880 798 617 370 760 388 410 450 539 603 819 972 638 959 140 93 230 217 83 535 803 584 371 941 206 968 773 904 450 11 756 75 939
947 113 599 47 175 773 858 469 646 549 671 659 875 609 458 4 534 159 330 588 102 179 793 632 478 263 757 310 7 346 653 530 842 531 676 519 519 343 26 402 869 83 350 701 782 840 942 253 450 559 604 16 698 699 483 815 391 517 456 806 330 478 332 695 587 722 916 516 287 798 433 412 881 107 793 126 381 91 865 289 245 267 508 541 158 92 962 578 909 706 5 689 337 123 315 662 45 941 862 101 923 158 45 675 759 622 561 57 293 788 249 74 555 854 129 625 483 516 703 780 590 521 974 926 293 768 404 942 729 411
729 22 184 364 322 616 963 658 274 154 52 803 846 824 415 93 488 432 18 638 251 266 361 161 178 471 55 101 875 808 971 529 978 104 273 784 199 795 191 776 2 928 611 912 418 67 527 572 668 221 924 833 421 593 171 127 133 219 287 576 2 91 198 11 721 894 815 107 432 349 34 675 12 49 865 964 446 407 717 261 600 111 142 573 725 775 240 918 126 834 822 546 677 519 713 822 174 740 248 756 475 566 18 2 672 789 45 52 228 227 535 216 198 263 337 342 87 226 50 442 189 366 890 786 797 425 724 307 171 582
952 302 599 296 583 198 311 218 552 103 423 791 183 526 373 685 432 17 684 591 207 674 963 305 696 753 96 807 391 159 137 744 441 159 730 79 946 418 218 352 408 315 911 416 5 544 922 940 606 148 112 875 485 907 107 342 947 244 380 659 530 969 144 305 769 552 822 433 717 619 874 251 149 104 35 244 874 388 206 80 143 404 124 582 43 336 995 377 861 685 761 716 427 824 763 902 102 187 682 974 596 56 245 457 519 224 797 852 196 160 841 581 699 231 373 872 160 120 423 886 658 311 736 427 22 69 113 27 606 240
141 734 30 67 495 4 925 816 488 90 400 292 573 786 448 519 208 595 942 27 344 461 133 254 346 929 118 525 975 735 386 48 566 339 230 254 362 239 122 478 871 192 487 835 937 943 550 361 2 646 722 782 536 12 538 506 120 527 628 561 264 798 610 870 589 249 25 760 914 847 463 689 92 255 591 186 296 352 216 50 156 243 415 411 21 967 728 927 890 310 311 105 412 645 952 357 715 727 972 501 10 235 567 549 793 83 83 536 206 467 576 575 837 228 781 255 802 329 760 732 234 47 999 702 474 799 554 259 390 680
679 622 914 641 61 296 801 312 22 145 264 315 438 501 399 692 222 10 688 35 275 703 757 89 751 189 268 776 980 842 43 323 749 80 451 506 806 430 697 366 586 504 839 747 901 696 465 678 306 546 857 32 464 38 176 19 890 456 418 229 155 476 663 195 253 807 495 285 232 894 369 919 908 421 924 385 15 613 507 280 67 905 455 519 733 10 771 571 715 254 709 143 280 909 152 890 648 725 45 407 764 263 353 191 123 274 372 474 993 172 324 582 21 416 218 830 313 733 910 899 336 489 862 806 369 172 758 88 58 846
92 203 524 959 411 232 481 226 83 931 942 185 467 634 886 916 898 797 375 160 17 666 595 553 680 743 34 815 563 355 754 999 811 833 949 237 464 110 7 691 373 382 837 472 395 364 320 786 697 351 272 683 8 946 586 607 990 912 326 354 8 3 518 793 562 562 224 50 293 741 159 702 900 634 104 688 975 528 602 531 375 365 954 295 103 792 15 119 917 777 754 16 985 758 580 434 308 415 106 574 664 661 192 817 834 604 119 798 4 409 79 493 645 949 325 336 413 417 924 754 970 553 719 840 797 946 316 36 233 383
475 129 465 663 191 127 770 733 243 396 245 581 802 105 719 394 413 91 319 622 874 564 630 403 185 867 366 751 704 166 267 633 685 363 271 705 530 888 78 474 407 548 749 865 110 96 830 81 40 101 826 941 155 829 538 135 103 125 474 583 656 307 231 106 903 503 982 7 917 74 561 306 57 66 693 849 200 558 152 16 187 996 824 957 369 196 517 755 256 553 833 666 551 552 628 151 733 376 262 122 698 725 947 485 536 604 247 655 542 250 497 905 858 838 945 768 969 690 590 442 385 182 163 972 876 856 739 701 334 385
153 349 887 193 914 520 185 992 569 462 261 488 732 488 652 36 949 175 894 800 17 484 622 479 109 117 300 206 397 610 761 363 355 478 814 508 876 892 314 826 280 232 65 849 163 60 589 986 286 173 396 821 469 712 769 724 365 587 974 361 456 510 145 203 752 355 368 586 928 804 982 166 826 559 194 886 239 238 67 803 33 513 515 48 691 30 422 795 380 847 86 639 218 393 725 935 54 722 641 83 765 31 792 56 401 243 916 180 687 949 621 614 831 462 448 838 599 400 646 667 536 932 931 701 221 420 366 215 765 210
841 854 935 408 729 151 647 233 245 494 623 992 489 722 947 482 441 456 578 633 995 108 959 289 138 52 156 131 808 606 836 208 540 30 902 862 385 220 770 666 641 552 16 808 372 599 597 579 987 764 300 138 950 527 989 18 61 801 371 582 443 302 628 182 704 981 862 28 498 461 861 467 678 223 642 788 958 163 969 53 477 640 366 495 973 318 839 902 660 938 400 751 696 93 769 414 817 875 973 715 537 674 786 743 898 662 339 534 571 252 165 298 879 107 416 350 508 376 356 774 88 81 208 400 681 257 618 408 70 6
777 566 644 100 850 739 767 873 633 192 689 448 949 748 53 691 590 522 207 516 776 183 814 741 150 696 79 539 52 506 459 734 289 737 880 916 463 6 512 733 868 138 866 708 159 607 975 239 267 848 870 974 997 249 642 853 3 265 38 79 516 257 37 142 525 819 42 766 39 451 891 166 947 331 504 441 253 822 808 455 899 407 426 799 946 317 48 556 914 210 839 422 480 579 151 288 413 284 116 833 160 944 492 150 484 621 204 715 365 961 789 373 620 213 713 104 360 289 875 392 657 906 394 651 319 971 583 859 183 300
874 102 833 362 162 24 991 116 111 827 607 774 233 167 539 547 709 631 921 642 830 905 941 306 284 32 58 865 766 870 833 912 261 471 731 577 602 349 250 848 595 874 25 577 54 700 979 334 727 512 457 857 888 975 817 497 971 518 741 819 547 325 714 518 326 580 113 912 563 165 57 573 679 31 19 629 296 365 210 117 573 951 807 783 969 42 809 938 170 965 458 835 662 225 900 815 908 54 304 779 945 556 548 449 795 726 442 905 621 588 929 598 667 99 825 535 368 428 582 959 465 884 49 919 868 755 232 731 665 664
670 115 603 903 394 377 285 797 83 250 799 600 114 977 117 387 164 329 930 271 915 937 827 556 471 863 851 788 601 429 275 778 834 103 433 38 875 840 796 890 606 765 646 335 130 478 634 317 495 19 768 86 762 547 683 347 133 403 415 16 795 408 804 662 142 312 283 793 478 426 840 709 275 624 127 131 567 185 496 52 151 995 420 268 978 562 839 626 927 90 221 590 54 893 593 723 895 542 732 221 391 439 405 427 516 784 399 192 486 519 630 384 452 444 635 781 672 954 631 957 172 167 981 800 854 458 784 754 442 637
737 458 412 93 222 448 313 244 322 914 512 706 619 703 946 464 828 615 92 368 540 659 587 836 486 178 699 552 124 389 676 735 868 452 298 840 828 999 667 280 812 934 431 585 722 942 654 41 915 917 363 505 23 616 23 750 903 240 856 60 306 184 482 313 451 562 92 226 153 487 834 288 660 195 671 850 367 149 508 154 996 471 707 741 302 159 942 609 229 744 445 168 671 545 169 428 805 333 22 706 286 575 142 701 783 141 702 865 839 107 332 971 674 649 314 862 500 884 635 621 1 154 365 458 268 882 701 24 772 577
574 985 553 251 80 256 571 674 399 248 940 209 369 897 379 75 872 770 137 290 77 774 976 573 938 588 15 675 671 388 942 912 740 261 940 688 390 855 749 738 384 739 310 32 172 221 331 200 766 365 856 749 358 662 768 464 996 259 455 14 879 507 318 492 990 32 440 605 200 57 631 639 335 993 402 167 637 742 490 60 919 393 795 589 338 597 888 942 962 368 252 179 887 189 142 989 723 69 192 365 6 72 883 748 941 645 351 160 562 138 322 918 213 3 877 657 395 662 363 403 511 88 325 447 474 885 485 420 87 381
3 664 740 547 962 639 422 289 991 594 857 396 205 733 704 716 383 658 313 233 987 543 181 925 669 925 926 892 456 67 554 222 18 328 895 966 222 420 500 18 97 132 532 577 763 977 527 920 989 132 472 435 311 30 328 467 250 769 840 314 127 716 610 206 556 629 63 303 160 148 773 464 829 558 523 251 182 797 909 931 200 979 717 849 15 715 752 697 596 92 676 292 37 169 429 774 347 31 804 262 711 990 834 343 582 765 684 193 415 42 199 754 353 212 975 796 819 125 535 707 281 571 297 125 944 317 290 250 683 563
274 537 675 75 982 525 40 699 613 117 399 845 423 213 667 325 399 756 311 874 806 79 826 353 721 860 631 853 543 102 638 419 722 571 277 530 950 862 674 963 959 502 783 34 983 7 785 852 96 286 500 174 930 281 614 642 853 987 310 728 23 615 859 670 838 176 632 358 765 691 955 481 917 565 619 844 279 689 588 23 724 848 759 538 257 904 652 561 592 256 975 342 18 544 277 65 782 112 178 48 833 557 357 938 943 416 22 807 651 368 277 37 477 966 242 277 224 648 990 351 383 144 505 365 506 226 384 470 887 453
532 412 509 142 893 245 552 391 473 781 655 424 727 154 532 226 998 226 800 942 585 874 495 580 2 823 370 418 662 204 218 112 605 117 585 619 556 832 470 154 540 203 785 334 624 885 157 168 481 619 933 231 51 896 597 693 590 265 741 525 150 34 889 103 826 767 888 792 601 189 171 292 146 724 972 246 154 740 19 481 768 923 82 137 842 924 539 247 670 997 843 920 493 189 631 189 239 899 501 958 799 115 777 860 713 847 862 257 22 487 315 140 758 29 677 422 537 421 463 31 244 223 157 332 727 97 939 252 609 995
258 433 495 958 274 280 726 757 327 875 554 2 599 90 287 972 786 202 637 510 848 667 238 691 77 200 363 35 740 365 308 593 916 648 919 852 4 936 373 755 8 567 631 437 139 451 409 821 121 694 319 434 498 917 68 322 906 206 999 736 361 624 13 960 366 212 545 544 371 424 186 575 266 943 228 179 669 649 88 930 737 414 388 640 630 769 590 691 104 892 167 376 949 229 974 91 152 221 993 649 249 705 39 465 165 257 141 895 238 533 371 262 359 513 788 5 749 341 351 84 87 816 255 962 624 868 118 254 295 505
73 129 226 933 862 958 177 711 843 209 369 168 366 18 459 357 279 935 492 915 772 833 585 929 529 82 387 979 520 943 392 873 758 720 19 847 838 911 119 732 971 808 789 438 641 853 719 569 380 428 601 558 122 937 63 225 930 218 944 554 935 188 729 326 495 721 44 525 798 238 843 902 765 635 781 695 245 314 85 954 606 978 608 35 628 936 585 181 104 725 8 224 725 485 647 60 262 862 51 501 458 360 143 630 425 861 934 473 9 922 785 875 605 561 570 988 263 639 30 348 246 151 997 622 592 407 581 932 268 272
582 609 49 834 588 616 363 234 607 896 968 146 360 53 277 122 631 806 994 475 440 250 718 65 481 749 312 375 374 888 26 85 346 248 286 597 726 416 650 207 17 845 811 256 161 299 116 603 263 156 13 873 555 600 518 607 971 386 574 520 221 405 129 461 775 766 517 539 116 847 395 236 995 589 852 453 355 84 179 494 233 344 654 219 135 138 633 788 863 62 389 823 576 566 84 626 714 270 254 476 363 826 708 984 226 984 327 532 6 587 81 536 918 473 830 413 994 174 430 929 696 902 570 935 46 296 971 706 25 584
456 21 172 403 275 543 696 279 378 258 455 614 320 694 679 638 8 694 24 598 761 285 327 106 704 469 368 409 802 873 324 482 938 117 31 794 228 771 182 220 582 113 843 441 200 189 325 591 594 703 94 33 926 668 620 971 655 315 507 348 673 852 482 591 911 272 182 68 9 854 497 726 213 468 897 205 579 551 979 429 5 900 373 251 137 871 106 188 921 347 593 53 603 504 975 252 863 650 237 423 308 859 803 6 605 639 67 16 141 241 827 510 396 728 128 443 300 611 168 925 799 626 82 185 147 776 853 754 128 350
858 751 598 875 698 813 126 402 370 485 555 142 35 485 768 306 444 772 247 775 453 827 76 925 521 303 233 903 537 473 964 664 328 929 177 266 782 532 188 725 838 28 745 224 882 472 962 139 220 57 743 570 854 221 20 98 176 815 974 49 499 891 140 195 785 488 261 791 601 647 449 694 838 674 498 461 105 994 413 903 549 819 916 747 694 525 802 48 441 776 358 40 805 30 40 165 925 122 419 118 314 467 460 843 570 321 624 307 236 502 762 489 800 642 319 961 978 79 77 302 790 327 385 585 994 825 731 437 585 977
113 583 785 851 519 453 765 627 283 950 334 785 510 104 80 209 958 190 824 622 153 708 936 638 353 507 55 823 605 659 820 723 242 7 200 7 165 247 609 944 983 754 380 992 659 128 304 122 881 202 71 832 877 775 245 143 21 719 606 314 141 502 872 189 156 610 616 312 262 178 626 544 553 900 758 997 184 544 918 645 266 725 424 755 749 318 958 872 556 523 802 652 669 615 824 583 257 827 692 257 397 88 43 206 262 691 467 678 562 983 543 787 239 816 97 46 610 268 193 398 176 139 377 872 599 524 401 957 412 752
705 739 148 340 274 363 850 146 427 333 933 219 504 687 727 277 217 456 568 36 619 233 877 16 357 35 725 264 655 931 11 392 512 294 990 171 10 280 836 187 20 399 598 213 746 69 705 637 547 539 97 700 167 945 422 992 233 525 306 869 762 51 231 382 345 749 694 272 364 402 974 551 250 521 134 143 558 212 325 923 382 598 261 201 259 550 184 214 562 452 580 186 502 613 961 338 675 944 59 225 67 400 124 721 454 340 954 178 676 430 527 121 9 202 539 983 69 93 43 823 726 462 243 350 880 315 681 814 978 437
29 577 122 420 281 929 211 440 309 946 932 695 869 78 331 971 419 71 475 424 8 999 235 80 793 950 693 477 583 393 13 826 854 803 503 139 8 388 622 129 91 147 88 366 745 677 313 132 944 277 1 981 639 228 281 695 102 933 718 546 195 925 686 890 640 632 294 438 505 506 742 674 640 373 513 331 452 403 996 65 287 34 217 227 628 150 511 337 637 881 707 983 796 867 111 917 96 627 15 235 346 714 903 912 539 897 516 931 182 710 179 197 456 787 256 934 10 588 357 318 132 452 549 246 236 553 625 419 821 94
92 126 643 503 69 694 160 371 213 340 77 92 954 134 885 234 767 902 438 704 19 128 559 237 422 930 437 388 420 77 782 312 306 783 764 193 538 70 251 26 685 610 935 573 43 903 175 899 208 267 636 317 101 133 395 999 470 536 91 572 101 745 468 976 531 885 109 716 36 670 837 36 249 38 40 324 710 28 944 585 822 750 172 910 492 814 718 910 578 177 417 409 712 739 738 28 803 307 861 227 350 578 618 775 831 832 681 848 134 128 465 645 43 927 245 215 274 288 72 933 375 814 481 723 206 758 833 834 895 223
824 266 364 46 561 878 37 788 530 967 145 176 994 270 564 6 354 363 152 154 589 132 392 473 436 996 662 969 722 114 684 948 715 71 75 835 504 839 260 495 512 796 849 214 333 697 165 658 620 525 147 200 296 900 746 271 234 506 272 707 264 546 108 721 486 367 723 165 615 48 525 519 781 901 800 343 68 175 459 489 869 106 65 308 50 461 937 891 310 877 315 120 719 1 622 562 904 264 167 240 350 204 200 842 685 115 567 664 102 106 550 240 978 161 853 953 421 519 544 551 558 689 157 371 891 892 340 473 679 438
353 843 26 867 64 847 233 238 600 824 871 113 398 675 853 524 531 584 268 574 901 630 998 350 533 240 295 104 907 422 114 490 685 97 503 375 328 788 131 668 359 844 581 619 478 205 80 207 726 713 98 674 377 704 849 195 286 88 764 388 503 193 387 918 873 150 519 502 776 568 69 149 229 755 979 424 308 168 182 100 485 161 11 176 33 23 270 730 581 524 484 337 326 483 528 75 79 21 190 941 136 64 930 679 715 666 369 189 236 953 829 595 439 739 716 962 228 181 644 588 938 262 112 975 256 323 198 842 606 875
121 886 93 743 661 392 613 776 889 146 945 947 28 654 439 662 238 206 227 318 965 637 153 718 555 928 903 712 845 204 736 24 952 294 137 504 378 175 462 518 922 329 976 949 310 272 21 869 657 86 581 542 207 295 80 671 813 584 89 284 329 112 16 386 271 418 310 894 200 699 157 776 716 159 163 248 24 475 5 661 762 869 17 694 868 112 99 221 724 278 782 582 156 221 498 949 433 144 517 20 739 723 845 724 993 669 146 722 202 423 555 154 801 85 435 927 366 431 274 768 207 396 278 624 28 248 429 894 872 93
964 15 410 428 438 488 483 702 621 949 757 977 443 371 76 271 562 39 717 378 385 799 928 728 615 483 873 930 591 354 420 938 689 252 353 975 956 174 942 535 971 406 135 872 720 54 261 890 136 595 558 545 673 553 583 137 133 710 724 312 610 196 923 745 187 927 31 290 253 751 33 740 888 889 972 680 543 526 240 968 41 36 788 639 710 553 405 52 784 627 142 54 404 174 825 187 77 492 88 919 453 788 332 568 273 727 372 26 144 128 790 804 41 254 5 100 832 917 235 268 510 664 279 857 284 794 235 530 387 645
721 783 692 742 644 562 247 665 387 437 79 582 198 560 790 455 910 119 198 315 770 982 949 168 730 973 38 505 368 94 670 366 438 777 249 668 353 40 542 879 806 146 901 752 462 351 537 936 480 864 108 409 269 62 931 480 751 402 165 667 555 731 290 592 583 635 69 840 269 363 489 787 425 671 443 657 333 606 135 138 698 67 159 821 787 976 56 107 429 988 305 78 521 977 39 190 301 889 424 865 931 715 497 561 619 827 215 821 49 787 26 302 8 432 721 500 483 691 75 446 20 874 45 778 585 232 579 8 343 306
307 771 868 56 338 187 343 937 730 978 947 948 744 596 598 483 211 991 365 384 763 793 670 405 156 690 117 815 357 558 313 171 127 845 353 216 401 364 185 632 584 251 842 262 961 835 413 580 384 27 593 999 991 41 24 839 824 895 747 668 273 402 370 955 193 851 594 187 829 928 48 86 224 323 779 525 425 270 505 455 275 656 25 278 603 342 647 65 715 276 177 974 68 217 892 584 234 572 555 289 373 560 491 57 612 21 202 781 136 678 469 161 854 898 489 838 498 857 400 440 78 468 926 805 331 485 577 385 827 484
968 655 496 800 163 857 696 600 286 517 743 767 814 465 162 774 421 606 324 364 216 231 423 867 118 410 21 406 991 170 298 249 536 689 980 109 478 16 80 438 714 790 627 473 594 282 695 338 706 496 189 120 650 907 614 378 477 110 24 251 566 439 182 707 227 418 406 563 145 197 372 963 264 697 530 301 951 804 616 709 884 664 765 178 232 704 225 276 756 689 490 707 815 831 746 134 771 959 595 38 989 53 864 866 845 894 403 20 784 558 721 704 568 525 240 108 128 280 334 846 262 381 536 276 502 852 587 931 949 848
838 338 235 100 660 213 445 904 213 371 721 486 33 18 946 397 542 877 492 136 254 888 327 296 191 986 841 517 739 796 16 781 566 596 417 759 722 941 937 753 291 534 244 234 124 138 208 263 389 608 24 158 408 31 568 152 602 943 676 35 414 760 925 35 243 499 354 982 480 82 484 82 356 393 39 331 322 995 577 912 727 93 520 278 560 375 908 850 93 835 633 966 554 472 642 337 200 454 719 440 811 342 843 229 904 778 966 996 418 299 205 706 84 362 345 623 884 923 993 384 441 995 650 248 98 977 970 484 252 938
580 95 535 397 845 422 562 657 889 746 368 554 128 919 499 678 615 581 375 383 407 853 369 641 120 887 368 818 503 635 199 613 419 301 552 190 364 537 339 218 523 212 315 307 192 20 10 859 337 406 482 498 280 261 366 871 71 757 430 947 398 916 308 253 508 809 311 177 386 198 164 475 306 842 433 859 738 875 478 116 516 370 580 674 308 727 955 71 545 215 763 554 722 584 370 235 54 199 892 533 398 936 866 649 836 266 762 484 911 970 414 376 970 271 863 167 34 486 585 132 116 96 246 655 23 46 275 675 60 828
637 553 92 373 5 644 484 675 980 636 849 836 178 247 217 471 883 562 839 102 326 78 55 98 982 967 194 63 330 422 661 553 448 421 463 496 752 587 66 456 449 830 17 993 479 474 939 246 580 938 971 549 949 391 819 715 733 462 928 755 413 676 75 523 47 210 266 561 870 926 334 115 207 889 570 72 16 576 460 793 851 526 876 194 257 990 486 879 748 203 657 206 866 147 390 21 776 714 44 243 565 611 146 497 649 625 331 903 2 53 406 102 798 892 621 746 872 551 725 527 211 152 299 574 965 787 234 198 514 774
180 70 81 888 35 790 65 191 303 905 762 17 66 905 88 667 266 238 769 65 227 622 716 455 85 638 920 631 171 188 327 823 797 942 610 258 161 245 104 942 110 688 947 467 303 766 837 778 158 32 400 282 726 540 887 248 919 958 586 15 269 509 816 754 885 383 323 858 367 966 120 830 749 259 217 86 733 728 97 3 379 711 13 808 569 756 759 885 73 71 398 719 283 983 533 764 357 89 966 545 903 168 811 394 527 725 205 657 523 459 849 206 64 734 932 201 795 118 906 668 197 631 96 284 686 693 422 382 364 279
71 833 76 845 340 957 762 464 263 484 834 251 371 730 883 408 830 302 281 196 933 744 517 773 522 350 634 399 690 583 767 311 838 307 336 785 694 214 931 9 671 132 125 482 815 861 803 466 953 736 686 990 364 142 153 586 839 74 269 20 906 746 934 400 607 196 228 967 679 883 515 616 417 166 313 78 177 54 253 218 873 525 536 239 774 138 404 116 834 434 326 162 299 331 959 382 614 379 2 74 976 384 623 750 717 380 725 542 231 59 818 707 349 388 582 664 325 722 488 860 671 254 487 165 866 809 722 702 817 392
499 455 551 844 106 395 544 433 47 143 529 124 429 457 397 371 426 959 901 207 936 301 971 570 306 23 813 337 299 83 881 256 485 867 242 247 591 243 649 896 75 443 391 776 659 99 184 346 303 251 87 883 981 471 793 35 197 602 240 461 923 929 404 612 739 258 920 172 772 330 934 965 928 807 368 569 81 525 205 288 767 138 166 460 733 398 436 427 441 858 141 783 640 57 975 854 541 339 621 453 831 332 685 889 320 368 87 319 47 804 126 916 236 659 992 453 447 640 286 901 989 255 491 747 612 743 228 854 145 458
692 314 903 158 135 346 972 190 90 553 213 578 767 370 803 859 156 712 85 696 61 460 961 862 790 489 33 153 58 201 795 803 796 652 706 939 716 48 373 228 406 621 387 726 102 554 855 565 299 491 702 393 343 236 672 126 833 84 401 486 960 500 585 516 773 55 701 408 527 632 206 831 276 270 83 112 458 109 92 732 694 684 140 573 401 141 340 470 818 371 128 942 138 562 313 48 762 724 656 231 769 896 523 510 306 543 730 87 76 881 233 7 91 549 297 250 892 447 845 618 178 705 726 879 225 475 788 849 872 56
690 968 308 374 502 296 374 197 777 203 283 570 409 688 712 354 851 902 290 965 987 766 813 242 396 191 793 893 20 355 921 4 154 85 458 102 340 764 942 138 839 479 95 729 325 248 942 350 585 550 103 731 623 416 4 169 479 55 659 377 389 25 304 770 183 347 226 570 402 964 990 687 51 226 740 640 313 780 150 697 571 803 477 445 83 610 423 8 405 975 201 242 719 284 127 307 455 986 792 623 746 362 423 232 2 198 139 75 291 998 435 72 585 409 629 655 126 335 932 682 312 711 69 723 723 810 46 554 933 253
191 472 737 300 513 655 10 4 121 125 492 407 981 467 125 525 67 55 201 239 811 717 153 103 713 705 686 87 418 544 823 672 110 371 527 383 164 287 462 24 50 470 407 904 283 17 232 911 618 771 416 773 298 664 720 694 887 458 98 126 240 620 116 704 422 370 691 646 331 35 406 401 787 127 368 514 301 493 637 739 201 661 919 987 620 338 935 916 18 79 730 853 565 62 855 429 774 148 557 431 487 575 736 330 357 302 970 778 326 249 608 490 201 874 889 698 665 190 489 851 209 833 435 501 906 314 839 713 136 721
788 61 958 726 45 355 659 34 946 994 100 236 10 745 327 755 512 34 254 436 236 157 588 785 456 10 325 143 472 250 923 72 377 163 437 206 601 985 863 86 251 338 350 659 980 567 55 800 222 793 69 183 194 988 121 487 769 200 85 28 546 975 69 721 121 492 351 806 279 846 966 855 658 758 672 380 289 393 317 800 561 886 587 611 193 989 143 467 132 971 239 214 891 535 517 69 247 96 347 339 550 814 926 879 303 242 947 111 377 866 594 288 913 502 747 555 992 530 737 647 403 171 492 892 208 916 23 615 671 126
867 81 789 826 429 396 983 360 826 205 736 103 367 623 119 76 698 580 720 871 555 405 717 907 296 826 789 842 8 211 587 414 256 353 304 998 31 622 53 230 613 693 103 123 785 20 105 261 448 524 229 544 943 769 193 888 807 678 220 400 196 743 60 949 23 561 480 821 481 893 779 516 529 376 316 110 561 355 254 121 648 444 294 153 269 88 469 872 442 890 997 284 396 230 454 27 700 167 147 150 147 989 674 382 177 513 839 692 712 998 252 304 232 218 419 508 915 758 344 658 723 700 763 989 453 144 78 723 39 884
801 72 540 444 761 701 449 407 640 149 794 548 262 555 201 391 202 826 569 542 896 225 249 134 567 627 63 928 281 592 193 358 808 136 584 854 118 557 848 793 197 211 135 610 275 637 693 779 327 261 478 349 21 154 812 103 383 901 655 156 771 398 165 915 900 722 380 244 748 982 25 347 495 24 989 638 966 358 582 820 233 787 289 274 910 134 730 547 529 982 756 889 648 335 547 611 51 14 766 898 280 430 857 960 360 701 654 160 593 524 951 518 391 116 632 465 170 559 837 608 43 140 154 339 233 100 185 746 849 517
15 847 60 665 870 40 372 322 465 566 131 746 975 632 756 723 94 222 44 956 322 61 425 833 334 378 895 226 185 645 332 460 878 632 344 334 243 606 91 291 548 631 740 89 113 938 805 277 804 823 752 713 46 8 567 820 133 606 117 691 829 987 213 269 323 380 158 257 413 357 699 728 127 492 798 416 885 128 128 514 364 244 324 998 722 978 561 538 297 116 38 548 332 4 69 424 823 613 463 111 416 652 36 12 923 825 175 774 924 135 973 699 2 316 724 101 389 918 246 667 531 952 24 521 867 110 220 491 451 190
557 780 246 344 602 328 922 352 970 369 609 296 325 294 997 872 247 934 746 30 470 257 256 306 610 754 744 414 797 745 854 964 103 579 570 394 947 165 534 995 499 45 325 612 289 193 311 700 178 599 565 7 96 116 976 535 801 244 777 667 811 739 27 916 163 510 336 32 34 195 802 242 76 140 84 77 297 772 650 26 419 734 720 157 996 512 930 625 293 232 495 68 822 331 465 759 445 736 366 132 243 881 671 709 726 892 157 980 891 801 222 12 773 336 14 433 67 722 365 330 398 759 873 193 128 31 597 314 404 91
659 330 642 521 234 709 2 694 700 418 589 704 620 421 465 855 35 264 717 339 934 533 609 33 80 79 883 150 919 54 209 266 235 979 63 891 992 815 907 925 364 918 988 774 621 35 357 417 201 121 765 13 520 979 349 483 301 84 571 554 567 952 624 109 656 934 285 844 171 790 381 201 384 371 744 319 224 230 973 552 452 851 670 661 256 170 627 926 727 322 884 133 24 811 280 315 190 349 384 342 159 908 924 738 656 328 723 529 829 408 787 392 711 379 302 565 521 793 442 652 654 588 420 269 690 434 840 515 35 436
941 252 836 587 74 113 466 463 307 857 739 826 487 492 396 510 915 172 696 157 693 863 918 673 259 325 689 85 906 425 205 26 422 5 192 791 51 940 140 311 203 343 515 492 821 324 742 201 968 90 443 217 229 4 823 734 197 185 314 499 360 161 98 369 742 987 621 323 734 707 471 217 904 366 334 265 912 551 95 681 701 375 508 357 712 615 562 313 390 216 882 533 96 545 137 637 78 60 934 304 42 247 939 232 982 710 583 516 342 107 123 921 888 937 326 338 527 559 343 548 699 240 566 198 573 532 153 782 364 713
416 503 787 919 890 838 445 601 295 533 277 890 90 477 152 669 1 741 628 394 906 666 272 116 941 25 143 547 513 96 514 558 478 449 49 773 675 157 843 24 254 643 784 752 920 851 16 422 849 796 705 636 70 744 105 912 770 675 727 159 774 344 469 668 411 572 738 394 216 681 28 647 728 637 508 793 579 294 592 287 384 674 875 766 57 908 395 468 939 171 135 546 563 514 554 85 831 420 47 27 187 371 577 223 844 630 761 921 920 364 819 313 640 833 734 818 64 842 173 941 851 848 624 732 217 457 180 706 733 121
145 445 119 795 784 263 563 551 341 797 460 326 159 711 272 425 818 758 935 7 742 705 910 722 867 938 842 692 483 189 446 235 153 545 164 819 78 110 37 231 949 820 42 924 260 243 757 333 911 883 675 948 653 83 3 111 990 975 304 792 952 183 308 985 721 505 636 594 231 607 52 485 135 999 826 272 376 520 665 698 364 812 920 1 797 661 95 527 906 886 874 214 534 783 675 752 584 716 603 975 512 383 170 380 933 385 633 925 433 627 128 994 142 857 466 456 940 221 132 718 41 910 526 213 269 362 486 174 842 764
459 566 747 968 874 11 546 348 690 682 859 42 935 159 969 256 280 140 627 367 454 788 473 160 532 554 641 574 713 928 434 251 524 487 771 720 914 673 335 649 240 851 170 219 144 510 555 812 535 67 123 856 321 613 434 360 243 503 716 718 488 356 781 89 827 472 221 323 247 725 552 744 129 925 730 150 949 455 20 381 616 943 275 947 617 892 90 272 637 680 620 744 382 529 114 823 586 955 708 674 186 975 692 787 71 118 320 138 642 124 349 36 306 574 334 276 591 163 596 151 948 222 893 928 894 540 445 343 605 451
20 254 141 367 371 27 807 233 665 56 898 391 988 193 861 705 540 143 284 867 989 176 41 711 208 297 590 284 128 887 26 653 774 179 819 179 139 561 289 150 406 296 608 116 942 491 473 327 785 373 567 594 996 217 811 314 927 127 606 458 425 268 366 110 519 89 832 128 48 810 557 518 658 764 792 830 97 645 958 78 962 723 710 579 360 31 669 551 857 958 950 793 397 506 936 216 653 825 343 745 672 677 589 133 13 26 947 894 441 105 5 84 425 55 442 666 431 659 78 687 374 377 959 255 700 731 885 555 879 510
719 995 178 652 747 795 852 852 981 817 602 976 866 538 297 177 338 130 747 39 952 750 244 401 48 572 989 784 251 693 935 575 223 62 305 26 34 65 336 555 266 336 779 287 582 727 109 785 452 44 607 353 564 698 672 231 814 89 214 650 992 370 732 431 390 264 854 715 77 173 888 123 812 998 258 549 319 211 145 69 902 774 639 578 741 389 612 664 571 57 214 653 726 924 288 784 12 754 91 126 237 893 800 633 145 578 461 90 857 232 787 896 216 517 749 745 994 761 289 889 755 603 955 586 575 765 449 464 740 747
184 976 805 351 111 411 582 343 764 586 368 968 241 434 874 681 181 139 109 836 800 34 108 494 596 342 822 165 710 632 933 469 773 193 302 953 568 592 790 884 228 99 559 417 4 699 828 115 194 321 753 62 152 442 215 758 178 203 524 163 261 551 181 610 623 14 60 385 623 559 857 810 876 651 351 962 389 625 215 26 840 932 544 504 198 864 677 102 555 328 909 175 445 748 521 703 69 897 953 458 173 770 143 725 67 419 758 567 327 948 442 600 332 588 23 235 198 839 115 338 595 331 303 650 683 906 269 8 334 537
709 499 827 739 666 7 810 878 170 926 643 223 741 642 360 948 653 887 869 664 220 528 296 662 900 547 679 905 114 183 818 398 280 189 232 454 41 319 200 516 646 694 335 40 251 208 523 908 133 680 321 73 404 782 86 461 770 596 617 789 51 232 225 194 652 346 953 19 848 379 806 503 885 321 636 102 332 971 820 416 729 150 542 695 858 328 633 335 926 320 650 18 806 379 560 262 208 662 175 472 797 67 816 951 466 953 953 990 790 352 299 163 186 364 276 198 805 54 639 231 750 336 461 356 200 686 685 237 167 214
281 767 423 12 548 996 12 54 89 239 71 811 118 688 540 35 273 657 792 426 468 672 743 385 748 594 780 562 36 952 732 629 167 628 103 735 328 317 747 741 660 772 402 625 318 94 183 54 367 904 666 505 140 212 426 584 24 850 451 183 817 740 428 727 537 454 722 605 554 384 660 80 536 648 338 445 397 142 876 366 545 153 623 629 520 649 485 943 135 365 397 369 347 124 604 521 763 133 149 770 658 92 701 425 405 785 932 206 447 799 605 889 405 604 704 291 660 247 610 848 953 136 869 44 85 683 869 172 848 361
112 578 456 238 753 49 21 448 997 782 93 854 892 791 884 239 848 974 291 453 475 576 412 494 528 526 68 333 373 59 848 987 106 361 656 643 97 957 348 674 225 373 486 485 786 914 343 354 310 336 76 318 501 381 193 852 525 188 194 686 980 167 536 568 34 955 985 106 336 576 157 249 221 138 819 822 759 889 417 349 450 194 206 915 591 567 85 218 98 592 992 985 530 276 736 798 266 543 895 347 405 56 593 278 95 418 894 505 816 175 401 116 681 252 664 255 259 645 589 333 356 688 952 686 687 83 459 200 920 613
458 925 518 935 993 467 323 837 660 778 601 816 442 579 458 348 903 366 201 236 354 263 888 323 133 563 278 451 922 732 812 518 652 622 739 989 279 960 497 127 547 587 595 571 858 932 684 338 135 620 785 856 809 320 928 156 476 135 879 348 107 56 443 985 755 369 928 344 285 350 472 168 628 365 448 302 504 682 938 80 815 233 969 682 47 372 949 322 407 770 471 240 303 89 845 966 178 119 599 129 841 866 190 784 491 320 791 803 632 873 249 883 335 352 826 735 915 534 43 553 553 450 411 664 89 608 949 780 740 697
480 493 148 549 30 554 928 866 424 608 406 638 288 377 63 185 471 266 936 550 47 51 799 463 126 964 576 689 692 964 889 699 181 488 28 359 130 718 585 811 402 95 937 605 729 890 941 873 341 271 218 190 816 924 131 870 181 731 15 951 640 70 306 103 975 900 374 276 844 794 686 139 624 293 413 886 59 559 434 514 853 955 543 234 330 678 756 135 193 395 70 629 378 209 93 119 903 98 738 340 777 198 60 89 115 172 151 99 124 514 676 563 69 866 12 479 990 623 864 284 149 429 754 877 488 300 551 122 400 290
748 2 120 796 158 225 712 845 479 797 88 410 212 740 272 167 887 243 327 665 161 453 6 372 42 801 559 908 214 267 490 702 218 691 662 672 53 540 975 283 659 880 722 923 239 950 310 679 282 176 761 632 475 35 513 49 828 781 83 957 580 254 836 514 39 140 483 722 330 281 55 427 122 139 598 998 453 201 568 779 353 716 259 643 663 442 706 555 240 826 537 877 211 507 998 874 362 668 425 287 390 241 669 833 813 580 485 514 320 145 794 897 30 494 969 489 232 695 934 537 828 220 741 148 571 945 249 952 107 92
655 30 838 856 544 652 185 468 675 205 975 731 253 836 197 118 754 144 573 187 115 801 747 780 200 493 682 242 684 31 353 646 466 187 591 33 566 864 863 92 746 405 385 792 298 978 833 468 234 216 215 849 313 326 475 953 874 340 347 290 308 295 167 26 525 108 921 251 349 387 807 500 461 812 673 444 99 439 458 895 975 190 775 25 597 747 781 200 336 741 952 586 536 752 630 81 623 847 649 721 744 943 437 228 955 642 934 308 576 441 228 519 795 839 981 148 552 750 718 73 790 255 45 878 713 906 947 138 669 940
217 893 620 302 835 872 90 629 384 131 752 530 827 291 288 392 805 911 533 492 216 156 127 424 268 634 981 384 805 983 514 404 286 483 781 746 898 722 220 93 276 703 91 302 711 241 28 974 336 470 886 116 76 112 97 360 318 996 423 306 860 577 584 704 266 730 877 79 851 351 976 167 447 879 760 731 899 682 622 531 729 407 410 458 72 635 855 258 402 780 134 526 733 59 828 149 885 796 666 375 697 394 939 340 83 820 544 182 401 151 493 338 584 666 369 216 901 402 224 624 610 108 455 926 53 404 658 177 206 404
388 175 676 193 487 454 113 91 150 528 769 303 930 689 528 975 452 64 14 21 227 137 965 329 425 328 729 861 505 809 764 699 823 519 136 536 378 33 320 851 787 402 50 943 112 688 76 990 123 588 383 406 237 773 807 619 345 139 922 770 70 309 943 567 495 425 668 114 16 639 801 934 497 994 404 701 660 471 942 41 289 403 402 817 159 356 635 440 109 836 407 626 157 383 149 474 961 375 659 882 819 993 11 831 104 593 633 701 523 772 965 289 827 701 1 322 355 576 797 854 323 141 20 182 319 961 977 379 567 653
932 476 878 297 461 707 463 885 760 131 484 644 8 50 692 57 184 974 379 170 520 357 378 742 304 329 321 68 353 439 947 248 147 457 903 406 532 763 54 117 66 195 937 950 927 952 11 921 176 228 443 535 57 37 212 933 145 977 873 82 194 282 930 167 140 695 76 998 2 819 419 492 127 375 539 48 890 862 358 659 417 238 265 100 818 823 865 468 419 628 340 625 740 907 277 240 105 394 705 919 124 182 34 881 509 396 150 833 111 313 602 66 453 281 76 950 828 567 82 576 637 655 8 628 834 997 247 804 336 910
859 843 715 516 983 792 243 354 559 671 116 594 83 940 724 24 171 100 345 960 969 655 33 489 588 647 417 778 319 854 45 429 422 340 964 450 419 622 302 557 625 496 679 181 127 317 827 485 356 696 288 836 766 881 316 607 350 190 608 203 324 449 969 471 476 811 785 656 539 271 899 137 491 13 204 314 63 692 955 110 436 505 243 12 653 207 59 709 222 547 137 192 671 664 390 377 955 549 90 446 120 874 332 6 229 41 216 454 127 966 160 531 505 159 533 518 749 414 265 990 926 829 136 350 163 243 277 958 674 295
488 390 361 257 458 482 817 250 123 39 679 150 150 206 129 964 180 124 317 448 688 899 158 91 542 745 510 711 444 778 543 648 374 638 491 664 387 233 801 612 543 567 890 87 208 559 43 671 641 844 542 388 692 69 573 73 18 808 465 166 516 855 380 213 312 123 321 33 39 274 117 632 286 129 612 541 719 278 992 117 300 354 309 795 567 849 709 578 785 634 617 862 812 255 246 366 278 287 304 750 933 388 109 113 187 308 972 363 783 131 731 332 340 70 608 223 788 811 373 35 936 430 983 817 600 384 672 680 818 302
174 682 249 777 479 870 434 590 28 350 894 695 350 288 126 680 306 986 872 430 327 594 514 679 294 781 188 795 519 617 520 299 753 414 69 942 763 417 88 998 829 754 234 525 537 805 182 369 592 484 289 242 653 869 457 633 441 34 389 188 542 801 730 18 128 830 507 115 61 758 252 664 460 158 284 403 754 712 882 760 107 476 906 514 85 355 278 522 951 662 571 628 969 300 8 868 223 622 545 328 912 683 486 144 9 141 403 446 558 293 994 348 589 404 109 724 316 27 213 411 849 689 986 773 573 623 577 144 651 533
210 117 645 876 331 511 357 658 860 792 701 622 495 883 15 217 33 795 241 303 384 8 459 470 402 1 236 225 789 902 901 560 326 773 463 854 606 511 90 344 784 722 892 317 556 811 436 146 757 859 48 115 21 730 417 586 673 827 915 668 572 75 376 30 532 262 728 837 646 122 144 713 323 520 268 415 337 732 743 715 969 409 716 886 746 756 753 738 827 112 13 334 195 116 427 586 615 434 84 351 152 517 972 888 235 161 374 151 29 517 747 249 86 808 949 613 371 224 426 675 431 492 666 173 438 693 265 677 60 980
689 463 622 158 644 870 174 803 952 97 250 689 275 77 975 495 477 440 909 403 294 783 546 499 956 154 666 84 242 388 843 116 699 635 459 825 648 564 403 100 814 738 273 179 964 220 581 61 849 405 36 30 712 184 232 849 498 530 735 759 805 86 34 917 233 730 854 788 857 498 254 458 929 301 372 970 117 519 566 587 35 913 287 777 45 869 660 105 882 425 575 308 108 160 202 32 392 176 683 55 686 833 92 485 326 672 719 755 680 970 457 344 274 695 202 509 173 81 181 826 855 308 356 709 475 888 550 853 812 813
905 503 603 744 701 876 444 244 552 743 197 883 315 686 120 30 472 10 965 873 777 155 550 952 812 369 578 798 6 454 12 399 243 424 14 381 647 638 763 74 65 546 767 130 290 574 69 138 404 790 967 857 37 462 606 427 298 124 201 601 512 367 832 446 550 228 770 840 469 605 386 720 806 109 596 52 983 683 468 866 605 673 864 560 139 817 611 229 400 191 708 300 631 578 149 466 7 949 836 28 953 219 29 78 80 970 72 190 106 438 576 873 33 619 9 806 888 82 195 955 845 293 98 29 772 652 69 203 797 935
519 335 47 487 790 886 495 879 689 115 661 325 387 434 128 958 825 268 884 12 499 754 8 731 473 984 158 75 254 962 586 89 289 947 860 151 437 230 110 824 911 956 818 141 916 35 74 805 109 769 822 439 503 410 448 840 525 167 680 46 558 788 134 965 152 503 630 541 411 422 730 526 47 911 689 646 148 855 159 167 319 908 291 7 508 251 112 95 680 134 33 610 557 784 598 437 476 531 193 233 531 348 556 997 312 818 511 548 191 172 200 130 940 91 46 550 634 920 357 16 755 651 696 733 206 719 135 381 684 897
160 667 821 477 168 963 752 93 946 643 796 538 135 518 868 425 311 448 92 564 522 576 705 593 985 867 520 132 484 65 402 335 280 201 211 291 869 384 394 900 921 879 610 945 331 997 843 766 39 645 633 879 753 336 695 217 342 638 266 907 92 175 546 681 632 14 570 990 721 281 236 529 617 615 300 645 171 604 445 379 204 86 434 478 376 282 955 15 511 91 392 728 635 675 189 633 349 833 32 781 365 560 581 858 190 614 753 303 862 340 492 933 136 214 881 247 937 631 957 426 378 888 787 349 579 442 671 477 419 931
951 592 488 850 917 330 483 596 804 455 478 151 529 95 908 652 825 578 260 548 135 588 475 237 477 801 45 534 265 574 876 464 615 598 21 752 125 897 600 734 814 59 499 523 17 562 18 214 617 259 873 208 95 375 111 66 816 720 814 927 640 892 598 443 748 783 344 396 611 75 501 862 106 650 940 406 639 171 247 897 836 507 125 863 825 980 206 858 39 353 450 448 757 231 654 905 790 368 794 137 540 507 542 892 212 418 145 563 743 659 965 562 341 672 543 479 404 613 989 324 527 457 896 991 781 561 943 406 526 54
522 291 276 250 662 137 202 401 663 446 685 254 758 646 32 646 204 126 511 905 11 61 912 846 720 468 437 202 166 86 541 832 336 775 594 866 87 824 786 299 394 366 616 663 801 834 418 142 951 970 22 789 742 850 449 299 58 808 92 959 117 567 996 584 268 983 623 890 299 630 256 915 856 593 647 686 354 712 7 730 301 585 178 475 385 288 407 781 100 803 684 667 516 667 403 487 574 929 365 507 889 759 155 615 555 420 654 592 782 220 445 417 92 133 913 109 493 548 798 247 292 181 14 469 345 551 790 915 649 711
954 697 445 787 972 710 182 39 263 921 139 125 517 43 74 598 11 716 702 157 900 299 287 672 898 994 168 498 158 621 913 473 934 75 525 854 86 757 484 880 115 305 914 430 860 848 978 899 25 828 570 43 274 589 244 651 998 49 717 705 342 389 58 697 861 578 233 864 828 17 271 664 288 445 136 493 671 108 509 102 518 840 610 307 850 783 397 44 769 943 812 419 619 478 387 753 915 599 649 339 17 524 472 767 527 137 400 79 573 482 733 185 368 575 322 999 718 54 384 195 227 170 437 36 623 358 982 240 727 271
751 83 236 865 357 336 687 266 381 850 96 228 174 827 476 41 94 948 516 217 291 403 663 939 848 495 621 592 205 944 672 480 881 621 112 243 952 711 197 874 256 31 879 762 306 46 247 601 77 624 644 772 380 948 806 329 374 715 43 946 584 812 611 888 972 472 439 123 12 653 32 171 38 496 140 62 228 182 71 592 949 839 413 294 333 235 438 452 545 674 517 138 669 504 246 722 970 339 171 875 682 864 921 335 768 154 100 410 621 822 177 506 150 592 996 679 523 597 790 970 478 16 911 57 592 780 580 680 929 307
956 348 956 477 311 359 902 819 319 480 651 416 218 85 187 920 477 447 84 777 382 969 35 801 649 661 219 649 832 438 305 685 698 260 290 427 741 85 600 2 34 786 899 429 374 470 311 427 106 685 824 731 961 960 78 527 851 463 249 911 535 435 506 513 160 618 822 282 160 825 956 58 352 658 281 686 512 220 635 696 453 444 605 287 368 556 276 142 252 339 359 823 319 618 258 45 893 772 790 368 466 173 12 807 529 194 799 458 462 554 462 271 781 672 238 722 944 93 889 906 437 68 283 93 251 164 473 909 435 902
804 87 560 512 148 965 589 385 942 836 999 195 810 544 68 692 589 431 882 880 919 423 316 463 633 361 918 36 231 521 962 502 596 768 558 314 663 278 655 796 480 516 832 231 492 847 627 287 847 580 423 565 650 993 915 6 876 250 608 897 297 58 786 271 107 468 336 219 7 145 268 992 519 727 567 155 323 891 283 545 201 70 572 824 548 2 65 728 303 238 900 893 463 269 33 667 198 467 585 507 981 757 658 681 145 160 556 388 773 676 853 503 465 945 567 74 891 375 374 731 449 736 759 175 557 665 580 273 499 505
829 985 846 811 627 398 477 683 912 469 620 374 41 429 354 658 749 528 922 464 843 416 51 492 478 89 338 874 434 482 557 933 891 810 74 410 241 644 551 114 144 740 930 721 705 319 688 381 168 198 64 657 332 67 945 998 703 620 84 900 659 671 216 953 727 213 151 715 170 528 424 359 358 729 169 508 470 509 494 770 458 674 861 576 40 882 624 588 924 490 593 328 114 597 890 157 944 174 559 254 298 6 386 871 484 921 474 966 223 436 717 555 503 711 273 109 194 897 968 56 442 683 434 183 520 662 800 278 588 981
461 235 21 186 490 492 917 943 590 248 268 160 896 641 747 274 740 294 886 97 948 287 550 833 531 806 279 422 251 447 636 361 948 961 397 766 33 223 278 668 30 345 192 204 829 534 658 263 257 740 858 361 749 16 403 414 624 76 967 601 33 589 225 825 655 668 80 664 921 111 67 310 204 744 581 437 370 692 601 832 704 218 141 28 187 15 495 387 882 908 495 676 165 113 900 46 997 82 252 770 12 42 536 615 10 91 723 717 1 112 932 356 48 974 422 832 395 677 474 174 437 968 540 88 266 824 965 395 799 789
270 713 49 541 920 379 631 80 877 453 926 142 359 65 499 557 172 378 506 472 300 399 75 791 798 264 970 35 979 940 824 711 534 529 102 298 934 564 688 905 402 10 903 145 742 5 286 112 620 53 747 158 631 830 535 903 386 84 131 88 237 212 343 215 248 978 127 225 37 30 111 498 461 999 122 465 263 849 809 125 341 433 324 137 698 848 649 358 695 480 831 696 123 954 891 167 781 821 605 447 965 54 626 647 76 985 879 290 502 375 756 466 545 975 505 387 805 546 682 112 462 673 260 848 87 665 315 533 286 612
275 869 256 813 790 629 158 223 462 320 538 963 31 651 479 879 312 615 503 15 39 575 928 167 190 682 323 257 628 424 728 52 317 892 692 354 379 929 377 130 74 641 127 932 745 225 694 116 461 567 922 851 567 608 845 6 99 68 624 891 458 617 823 412 631 582 379 494 449 638 260 693 699 207 253 105 274 916 265 176 599 542 814 998 397 43 119 214 682 132 598 304 902 522 68 715 496 969 637 627 831 147 130 330 371 647 7 322 720 559 947 570 520 186 198 185 970 140 251 260 280 862 203 550 242 540 316 470 581 660
671 514 552 744 237 692 359 912 576 105 681 243 470 569 251 241 805 487 112 878 964 901 496 352 80 252 400 791 192 942 96 711 514 549 621 922 881 466 830 811 830 815 645 360 665 517 942 416 670 730 812 562 985 287 989 421 516 476 865 31 17 415 938 856 426 288 996 61 885 962 562 767 817 519 864 581 570 190 961 795 963 384 836 276 752 837 60 984 199 881 148 911 326 55 196 900 654 216 981 592 45 818 849 843 119 828 290 453 349 125 723 729 826 825 558 896 286 196 433 284 749 401 564 878 874 711 83 893 474 923
769 743 458 664 7 297 117 982 287 497 792 270 331 787 725 726 434 605 462 340 315 125 445 304 132 752 112 880 143 460 198 107 417 968 933 108 570 986 24 241 319 292 490 905 523 543 232 879 402 330 291 185 186 974 250 858 662 938 172 71 65 49 443 54 828 256 649 74 741 395 56 506 553 504 900 942 629 89 817 495 817 138 481 995 532 665 912 609 801 688 45 406 33 944 363 490 56 942 460 750 706 788 405 868 686 378 33 22 40 120 239 761 248 127 220 451 385 147 180 595 748 544 123 302 799 147 362 720 337 450
812 279 411 136 172 897 476 382 539 867 625 860 211 980 938 138 765 994 500 717 585 955 553 463 88 570 826 16 95 838 358 535 436 586 465 739 302 429 675 302 290 648 757 184 472 104 27 32 900 978 107 353 978 309 830 904 468 730 341 578 140 251 419 416 529 30 984 718 659 315 518 856 523 740 65 726 56 913 912 170 323 448 72 160 338 681 565 61 547 726 742 351 707 94 857 314 279 940 280 170 982 929 562 439 227 902 703 303 857 751 134 742 734 419 709 300 198 80 219 867 829 949 911 273 887 306 907 784 602 384
652 808 321 845 196 404 745 104 361 903 768 408 230 205 582 546 636 985 557 994 943 604 24 292 244 563 24 123 312 822 522 884 848 156 679 35 658 973 169 380 342 79 665 480 920 853 3 942 855 920 512 42 913 777 512 973 802 76 8 482 266 495 96 266 882 156 639 942 364 399 243 384 20 988 676 725 931 194 315 73 352 955 51 345 916 878 348 252 485 834 690 740 263 623 102 849 633 32 700 687 889 405 872 785 918 487 506 925 604 906 482 250 691 649 658 749 985 520 309 236 213 793 285 43 668 795 78 864 290 285
327 736 694 374 486 791 302 230 822 840 86 295 706 667 169 787 247 988 503 151 628 381 271 266 797 705 938 928 201 173 946 865 186 262 714 852 264 323 577 558 92 752 137 133 247 118 2 951 954 200 513 581 386 56 579 268 600 922 995 217 662 874 192 840 100 425 266 211 470 918 284 825 901 921 553 128 226 427 820 691 863 424 681 450 783 241 340 739 541 120 913 3 249 476 686 586 942 642 910 997 23 414 77 571 241 954 764 89 158 234 139 682 600 513 238 897 496 575 818 832 775 469 459 470 842 691 884 376 241 305
439 645 943 363 110 75 316 910 848 447 510 43 451 501 59 877 512 430 292 447 317 833 411 538 610 648 954 835 750 323 434 581 904 709 951 764 104 550 858 179 739 479 821 819 44 328 282 685 42 622 175 670 472 960 632 122 292 992 352 23 247 703 738 91 913 600 17 946 765 758 962 295 269 515 867 819 299 731 621 992 817 466 618 351 845 855 164 367 475 575 894 387 713 758 494 301 328 935 585 260 459 232 585 575 599 915 34 272 120 94 437 141 774 983 516 383 164 646 91 332 523 5 455 4 295 571 574 766 19 220
69 331 683 548 447 876 84 466 591 573 816 3 31 115 249 729 734 353 44 778 886 823 266 816 251 73 221 750 782 174 983 895 549 998 69 855 682 170 260 77 387 759 234 328 841 88 127 636 422 951 466 249 915 746 860 274 893 690 828 232 639 902 679 941 526 552 8 663 268 312 47 709 419 906 717 30 354 88 26 669 742 140 900 797 811 260 447 940 357 759 1 400 136 704 151 690 190 967 560 40 395 165 762 329 861 818 918 461 713 997 878 949 54 20 885 853 88 56 494 982 213 777 464 807 888 876 642 703 383 483
35 686 825 167 524 108 151 231 639 377 615 33 431 763 405 555 900 824 355 855 107 603 219 487 963 391 847 679 277 493 61 603 468 107 158 4 984 691 102 978 777 281 150 428 278 941 918 985 840 358 608 498 900 950 109 433 551 648 830 256 688 49 597 558 568 556 347 392 683 322 855 240 10 274 271 515 965 327 94 468 494 312 764 923 159 906 697 587 62 401 571 988 493 586 346 397 636 753 707 562 111 32 464 183 20 112 601 251 256 868 484 673 500 886 475 92 639 443 154 931 725 478 899 996 218 295 869 652 363 714
231 132 695 891 880 905 490 757 569 68 218 192 865 315 474 438 668 79 650 622 922 346 707 416 813 794 972 24 471 647 198 299 275 337 870 734 187 986 163 378 535 144 847 718 974 537 855 941 512 955 491 309 240 673 731 327 852 96 390 256 906 499 519 210 684 835 129 672 339 411 808 943 380 224 687 798 14 69 29 812 681 702 434 145 210 929 516 356 83 500 531 173 854 881 964 578 615 384 968 734 675 879 144 688 199 907 181 470 519 795 655 734 218 779 361 107 786 178 707 74 755 759 989 872 496 359 445 170 234 379
77 703 409 302 617 685 603 967 881 642 972 285 14 654 97 568 778 886 921 793 3 427 575 859 857 276 473 984 507 653 689 207 728 440 884 140 852 996 152 134 210 524 614 903 234 910 547 614 729 227 580 95 678 81 444 443 973 260 814 888 87 762 170 429 460 403 309 472 75 794 961 795 723 919 564 492 400 651 202 326 324 182 990 168 661 719 876 492 853 275 447 874 130 984 764 690 908 128 187 6 122 454 122 403 697 633 747 68 749 435 577 905 812 30 828 476 888 464 222 536 264 788 531 285 800 775 271 183 614 237
200 601 784 729 166 107 465 405 627 259 6 844 371 596 794 117 880 670 194 455 204 411 519 587 697 346 873 99 531 23 140 221 603 197 253 255 350 556 386 838 814 98 190 847 745 334 226 85 636 211 857 554 253 270 42 340 527 136 152 961 201 252 253 564 484 763 354 176 478 583 975 697 718 522 415 569 810 831 894 309 101 606 761 82 573 728 695 602 515 850 426 872 859 716 534 215 170 465 909 952 627 732 263 790 117 893 431 740 366 48 287 722 367 990 754 893 604 44 579 399 313 920 831 305 738 604 66 689 104 47
434 441 204 855 136 832 17 80 398 254 564 196 352 458 966 532 731 212 807 967 382 43 26 68 198 814 413 231 357 545 252 157 715 325 146 819 149 438 533 883 700 381 587 273 235 259 875 474 549 187 244 183 718 654 847 1 95 131 480 829 262 563 632 806 84 864 205 351 329 334 730 560 731 391 175 239 630 294 929 618 572 234 593 414 423 910 179 701 258 193 838 796 870 784 545 504 15 124 596 967 364 201 384 47 470 772 37 432 856 174 918 491 653 828 828 197 285 976 114 628 270 372 368 188 948 125 882 85 279 39
885 248 642 203 57 488 365 231 737 988 559 493 116 581 611 30 316 892 819 153 787 566 262 59 490 335 801 763 838 670 64 818 339 860 455 969 560 856 700 833 595 553 95 185 460 355 526 860 306 905 459 194 8 559 912 750 757 535 350 424 556 778 331 19 214 280 465 5 302 645 514 739 231 271 245 842 14 891 511 139 229 950 319 922 57 383 570 449 132 872 14 591 300 399 79 767 257 934 648 976 596 849 687 506 367 625 566 22 592 185 154 924 471 250 139 903 343 121 292 678 414 112 983 809 695 394 909 390 519 426
897 864 220 629 921 360 898 874 709 427 513 237 45 29 425 743 731 332 734 146 200 654 772 257 762 28 288 572 461 118 972 769 891 168 398 136 296 877 60 909 454 971 850 685 455 449 731 268 97 37 672 553 778 77 898 678 889 879 817 300 267 733 850 996 632 507 517 5 446 522 687 701 482 513 805 203 902 770 856 786 294 843 186 643 347 916 715 32 979 5 34 96 245 611 389 659 356 130 122 926 138 767 167 373 343 846 316 32 972 783 210 434 301 231 293 383 331 505 259 148 70 622 881 612 74 793 927 586 962 946
747 121 576 53 192 424 348 895 722 344 618 112 443 889 113 535 783 136 654 407 919 52 773 628 598 360 907 855 498 197 827 472 118 82 689 3 586 810 131 892 393 909 127 976 246 618 356 549 302 850 513 181 90 390 34 608 431 582 561 805 490 919 622 570 466 726 898 312 405 432 559 980 591 794 516 746 205 174 587 726 162 820 218 398 871 874 793 486 630 579 870 296 490 155 233 867 773 8 723 299 627 35 283 550 574 821 810 967 234 312 829 325 262 456 649 422 401 488 939 37 969 724 114 380 177 886 649 907 970 854
447 385 570 641 414 305 178 575 701 311 458 462 41 239 372 447 147 943 265 57 857 887 363 101 245 878 452 573 722 340 924 744 564 706 273 688 409 991 116 119 430 3 658 602 630 208 26 700 754 369 721 19 644 111 347 831 960 566 800 685 748 68 245 784 617 857 985 992 164 17 569 133 565 998 978 343 55 515 635 363 69 292 200 813 530 1 629 764 609 966 319 858 1 374 733 134 466 116 596 953 791 607 905 468 507 169 369 856 109 660 508 398 469 308 929 426 972 242 376 199 315 205 417 552 254 329 625 145 938 91
280 987 940 370 748 469 783 807 492 638 970 736 712 906 644 67 174 931 182 810 530 985 646 35 521 332 101 104 994 628 417 350 922 737 553 765 225 855 613 8 512 248 857 434 942 126 794 542 32 859 592 64 328 721 701 933 8 862 519 394 280 25 144 457 153 685 185 429 36 453 788 683 378 31 905 288 487 978 865 871 500 6 286 817 113 21 977 752 717 819 927 626 573 1 65 599 556 13 280 513 656 751 172 417 312 393 896 472 721 836 961 342 528 299 81 844 295 865 974 267 812 810 255 482 414 294 707 959 809 858
679 936 682 446 875 684 766 644 664 860 720 13 168 722 311 342 607 99 987 829 100 295 198 999 211 5 864 407 617 155 481 130 891 650 866 684 559 730 85 524 750 955 743 735 875 356 333 626 109 664 871 588 479 289 207 186 383 972 275 265 857 745 289 978 624 648 753 345 226 191 672 272 154 566 947 106 874 454 503 522 74 153 895 166 585 774 3 131 521 532 984 222 810 918 454 382 309 816 61 195 110 422 856 186 834 180 21 284 818 428 374 908 999 237 103 786 369 352 150 641 284 54 666 322 287 74 628 557 467 906
5 117 903 112 151 9 11 867 721 843 382 929 465 493 3 685 460 941 143 540 289 876 990 46 781 789 943 844 935 667 752 323 578 852 974 927 943 765 610 261 691 139 244 883 624 513 71 883 692 90 615 10 556 325 520 12 640 434 599 969 228 671 917 561 311 104 809 425 961 463 382 533 305 305 440 930 479 279 275 622 671 423 486 397 331 286 757 958 581 968 109 459 444 357 938 247 93 354 93 169 99 728 70 744 317 137 178 373 458 725 67 505 820 316 34 304 920 417 408 909 75 337 315 964 639 362 46 41 309 492
982 955 339 650 398 86 192 226 311 292 16 450 137 940 79 154 357 780 928 758 279 832 179 924 154 41 401 8 603 699 167 525 4 578 779 205 672 514 229 843 967 874 4 43 108 101 292 774 56 131 407 503 997 713 590 348 458 662 821 675 966 815 293 918 944 889 779 434 685 946 786 932 574 462 389 600 664 444 919 17 310 296 848 565 338 460 944 481 834 197 300 932 747 868 670 73 452 306 700 100 860 246 87 187 206 990 823 641 644 365 371 245 11 505 90 564 180 564 451 692 566 745 48 302 305 360 691 343 61 954
6 633 69 118 143 671 42 783 615 982 378 621 750 66 104 349 540 668 734 445 526 264 660 198 993 639 877 955 755 376 255 365 504 426 46 49 769 14 730 674 721 510 819 992 749 179 31 311 829 523 462 969 326 169 616 726 415 970 108 199 588 783 218 984 172 558 68 785 89 389 245 568 781 715 654 233 97 890 376 948 728 635 419 534 316 882 395 340 383 419 221 237 561 624 106 921 113 56 98 994 114 106 874 100 999 654 6 682 622 401 463 326 537 872 954 835 354 51 835 952 581 973 40 638 813 773 667 615 894 702
957 595 408 941 49 289 352 997 132 577 341 564 776 713 371 777 929 111 109 178 841 771 996 531 25 767 551 933 242 764 671 792 577 9 531 169 240 404 380 831 67 596 196 28 336 937 56 734 267 336 567 450 368 388 928 705 747 869 991 734 576 683 686 487 378 829 536 389 56 559 240 275 222 361 324 886 413 713 701 997 286 903 366 657 42 153 10 443 319 676 383 621 590 250 193 331 172 333 251 201 94 950 492 36 100 80 408 841 540 237 260 472 971 920 454 680 229 891 332 122 714 153 707 717 908 691 102 858 915 217
584 919 681 843 988 684 958 96 71 258 355 50 553 611 480 375 842 955 539 863 641 932 794 772 34 802 178 694 623 904 424 171 347 624 563 331 776 399 521 933 523 808 536 909 956 392 126 237 303 742 828 925 124 692 325 513 346 860 730 860 595 118 800 682 67 381 243 211 491 921 88 488 478 366 791 293 950 166 170 585 163 132 517 112 748 765 724 634 611 342 242 811 8 804 915 630 533 606 938 585 905 887 317 892 471 760 290 318 930 579 261 412 757 37 889 29 960 309 608 598 943 451 95 212 477 153 373 157 836 261
358 31 971 138 524 856 928 301 784 444 830 790 910 815 483 754 251 234 727 670 723 552 93 460 154 726 542 393 300 516 355 360 629 6 616 844 794 250 136 944 605 801 51 338 313 186 888 260 122 137 574 982 343 722 493 784 980 275 625 650 150 184 877 404 442 660 862 571 784 348 92 624 348 715 219 607 872 222 541 39 333 355 906 824 588 19 780 804 740 449 971 501 612 826 798 518 372 289 499 799 651 154 709 281 690 732 300 677 574 332 78 863 89 585 244 579 817 785 723 963 38 758 584 465 422 67 382 186 884 762
983 292 679 609 116 419 995 708 485 248 372 97 566 399 788 893 787 589 683 28 886 782 271 755 898 947 130 480 258 313 283 53 943 748 866 159 415 916 699 14 264 915 670 849 695 871 485 286 209 93 801 648 531 281 931 325 364 357 814 826 999 142 791 938 449 892 772 495 56 394 188 855 145 688 833 732 795 43 216 67 378 274 482 459 520 314 111 339 197 85 974 527 210 823 844 700 395 743 921 268 128 627 389 611 912 120 826 35 312 383 668 972 169 682 935 810 508 12 762 513 783 187 24 551 61 961 520 415 755 607
365 920 557 555 483 720 992 606 200 373 538 455 171 711 812 153 124 945 572 15 874 216 762 560 951 736 494 538 630 558 874 811 437 718 726 493 682 288 62 109 49 317 741 351 130 627 592 301 776 885 480 895 869 238 225 982 489 381 658 228 313 735 277 569 867 629 206 126 749 40 913 779 342 975 756 876 851 212 968 59 573 763 930 516 431 993 586 957 510 52 196 244 305 38 677 232 651 5 533 789 563 125 102 474 798 65 857 664 968 882 844 364 334 472 737 161 18 152 261 102 936 989 652 726 571 995 409 591 277 700
219 468 756 432 513 127 167 414 468 428 970 934 804 471 313 857 849 335 282 349 480 540 727 553 903 591 462 833 707 192 613 640 505 413 335 472 705 155 3 69 366 951 205 371 430 272 310 902 216 148 49 10 171 904 956 535 852 957 581 955 52 825 191 593 958 479 887 242 938 65 354 552 318 301 176 740 419 791 315 744 143 491 346 401 228 76 305 839 599 6 340 354 416 785 127 673 793 902 531 348 478 836 440 264 501 770 403 667 494 382 827 959 253 556 409 5 191 612 394 446 644 210 86 716 334 678 794 207 960 408
315 171 531 672 875 483 256 604 918 968 173 20 220 698 89 615 938 162 953 138 37 277 380 735 804 609 567 109 38 8 468 501 906 68 838 447 852 400 543 670 452 424 661 486 68 320 801 250 446 91 5 884 211 292 690 486 497 841 904 600 979 581 897 327 272 30 126 848 213 880 448 615 805 292 324 309 759 731 767 162 790 32 517 612 598 11 604 198 173 634 768 124 733 326 223 245 783 630 960 961 989 838 842 51 303 936 308 780 488 388 823 224 970 742 270 827 694 363 196 732 358 331 679 482 570 784 815 77 299 405
753 882 230 680 108 578 700 505 240 404 118 147 250 620 631 582 758 232 124 549 252 189 219 724 174 363 735 356 670 91 421 628 944 148 879 95 671 970 991 651 824 753 404 500 452 847 839 11 220 251 182 6 669 388 682 559 122 149 820 836 288 896 225 362 94 863 439 291 890 335 505 989 728 864 310 129 87 824 668 298 28 915 558 601 885 925 359 871 458 470 199 645 2 706 96 527 324 273 586 476 434 995 114 350 828 974 893 444 20 7 414 336 504 500 208 225 226 336 170 608 311 479 140 844 784 749 590 320 310 250
465 892 754 161 31 320 624 413 150 421 246 712 806 723 265 439 601 374 734 560 434 767 325 192 431 720 535 692 912 151 603 976 169 431 160 37 858 457 509 502 243 100 895 745 615 788 95 481 988 700 595 978 576 433 741 51 862 850 517 491 363 74 656 911 606 773 502 137 411 581 649 224 85 23 488 455 1 218 484 582 224 947 75 457 267 117 964 775 441 866 856 662 674 476 382 524 769 435 225 870 454 62 697 258 861 591 608 198 940 748 195 574 131 76 100 383 504 669 86 845 300 993 950 701 898 92 781 368 301 74
202 128 76 624 849 107 198 726 524 788 938 287 401 899 128 708 72 147 752 213 62 600 15 309 209 587 594 658 992 940 91 326 945 650 5 571 687 80 453 839 140 823 682 550 448 659 659 963 265 926 492 47 661 699 195 489 735 337 70 15 752 785 529 593 500 477 387 556 444 775 934 830 729 661 627 174 954 534 217 487 419 326 108 235 32 766 803 351 980 239 731 273 127 87 955 59 990 883 897 498 633 751 804 21 25 73 101 245 163 126 273 562 562 255 881 131 839 827 241 968 39 570 385 441 502 222 437 481 119 195
203 172 777 185 49 253 97 679 941 407 804 953 978 612 240 35 84 947 994 345 162 66 901 792 194 487 589 758 697 717 260 823 468 157 459 6 481 804 285 404 930 439 265 821 33 327 91 701 591 140 822 904 493 14 42 345 34 609 23 417 706 467 64 830 197 948 274 841 25 648 34 239 946 813 924 41 917 422 878 638 281 41 444 444 839 655 629 952 80 160 532 92 77 723 685 356 198 34 762 868 902 301 988 304 595 536 468 302 891 582 578 267 388 451 163 101 884 259 586 335 240 679 349 112 538 396 957 527 475 852
735 713 122 466 364 309 870 276 571 857 581 102 30 431 322 95 496 537 931 515 219 747 679 742 375 137 256 739 653 728 183 56 229 669 59 493 81 137 932 642 370 522 24 468 249 545 88 798 198 897 466 619 322 26 543 862 167 786 313 337 529 110 95 207 995 996 52 941 723 59 751 819 230 329 447 885 813 75 169 365 622 125 595 689 72 409 182 260 121 165 307 934 33 272 124 428 723 271 977 723 326 381 503 237 264 954 524 845 724 334 86 167 247 10 440 427 227 68 479 666 446 947 734 285 647 902 155 210 290 577
530 368 491 335 924 250 122 519 39 965 67 746 719 872 20 685 726 862 12 804 592 407 37 76 546 191 996 879 99 286 657 532 835 266 344 239 952 41 605 699 612 737 846 270 678 878 802 410 354 791 935 800 38 94 858 898 968 12 983 9 757 13 970 758 775 853 450 238 330 457 944 465 75 273 979 612 622 836 362 718 528 547 713 566 531 484 216 42 809 717 199 369 234 508 511 350 841 92 402 633 220 325 779 652 175 365 592 734 870 427 812 408 321 364 560 496 48 839 515 840 655 322 410 493 410 917 911 409 515 511
480 439 49 919 353 306 728 124 115 781 199 423 992 974 441 527 635 863 283 354 12 561 118 228 401 287 485 630 484 395 83 622 569 968 947 654 941 690 418 902 556 354 186 777 591 695 242 302 721 615 133 767 805 930 299 279 913 997 199 178 215 629 112 116 549 533 463 567 663 580 247 518 595 441 642 428 140 746 716 750 3 983 935 308 7 819 341 985 63 899 682 552 171 168 123 796 173 282 350 676 836 209 625 749 522 498 430 797 231 409 378 680 177 682 615 649 840 715 412 445 726 690 991 45 652 764 320 196 987 616
920 797 230 737 593 123 217 939 100 937 498 640 992 886 927 438 138 883 449 454 928 162 953 793 216 434 724 320 971 858 720 746 853 213 54 127 832 496 462 522 414 255 606 799 602 401 715 955 718 739 324 305 619 41 285 20 348 977 490 539 411 713 243 791 3 945 77 158 684 716 445 120 851 176 580 25 695 412 60 771 592 881 122 835 246 964 235 809 122 576 965 299 700 978 219 994 318 110 172 473 909 966 685 550 310 653 710 495 778 81 672 354 21 736 964 470 370 538 750 557 422 597 259 792 445 692 555 481 927 211
241 859 123 925 229 525 934 775 397 24 41 986 555 28 203 927 155 294 592 563 529 633 613 325 177 716 241 234 666 171 714 203 867 242 380 228 772 550 146 621 486 295 595 915 442 634 762 632 201 236 247 865 201 390 191 512 626 713 887 498 579 957 384 852 508 529 648 646 879 579 432 88 947 69 764 252 380 263 457 963 845 608 223 949 63 740 621 318 281 511 2 558 838 440 745 352 744 705 115 245 533 161 267 62 210 407 839 522 168 771 674 452 528 719 414 694 275 883 335 769 42 953 934 585 84 683 499 581 346 998
590 646 92 466 63 192 388 592 20 814 832 267 633 919 671 939 361 992 519 615 947 687 287 84 19 736 989 518 845 368 864 585 876 312 864 944 229 988 766 278 552 492 296 382 793 848 302 660 403 679 655 12 689 18 179 893 143 681 978 288 633 109 273 715 422 112 640 173 48 673 35 84 305 2 627 977 800 535 10 887 409 589 143 435 911 86 762 103 317 674 924 423 502 44 613 710 92 203 404 907 641 425 255 155 306 889 577 274 891 23 342 747 641 93 421 827 66 818 114 59 165 711 262 660 37 118 152 941 412 939
737 794 33 316 119 409 717 25 931 903 809 521 353 154 316 648 697 675 407 551 259 923 852 321 12 709 398 506 247 717 778 570 742 633 44 464 404 316 121 600 747 330 49 144 229 319 33 998 360 872 173 241 837 497 391 92 789 888 227 642 231 118 588 407 125 784 73 958 502 933 385 750 101 52 628 352 817 682 873 272 628 208 577 44 980 801 93 569 163 581 496 464 606 48 18 184 849 264 176 696 68 832 418 958 476 658 81 355 140 326 949 284 617 182 756 830 207 89 687 613 176 481 3 108 260 220 595 538 304 906
739 921 362 711 25 562 994 415 540 384 484 871 147 212 312 880 737 458 259 486 526 808 789 916 716 283 632 192 799 657 213 33 960 334 550 860 834 36 560 371 303 101 344 825 522 656 936 756 38 72 304 493 190 791 723 182 473 695 679 866 369 662 513 58 326 218 418 203 965 895 448 147 177 390 688 930 142 138 853 119 384 405 787 194 355 817 370 603 535 971 504 682 110 887 819 621 500 419 656 999 816 400 124 660 842 887 765 466 522 868 299 890 536 995 728 870 67 644 348 399 430 205 804 982 167 88 111 26 446 854
247 422 543 811 274 719 885 609 818 612 288 846 980 256 276 151 962 420 817 21 639 774 949 328 634 104 643 207 115 116 234 586 853 455 46 225 533 724 145 1 135 881 248 223 331 568 517 686 75 835 238 294 160 907 810 124 615 841 441 605 81 383 523 704 277 507 131 114 588 577 456 695 991 673 782 357 148 151 228 938 656 640 277 641 446 627 971 249 431 660 797 39 52 12 108 890 792 159 921 588 712 82 10 992 326 922 924 371 737 689 110 310 474 878 510 591 7 662 972 179 495 688 572 932 360 161 870 305 760 568
148 526 627 899 75 125 967 548 846 13 893 590 357 513 727 251 806 825 654 515 537 124 854 172 11 859 735 682 838 97 240 413 740 618 102 661 354 911 464 157 395 246 321 835 408 371 174 428 405 308 6 344 205 582 12 421 995 263 24 428 676 564 439 760 208 636 642 231 277 646 123 918 684 593 614 10 847 151 5 768 113 773 738 533 300 451 76 505 713 632 62 362 760 734 483 454 469 304 270 601 663 339 107 298 833 39 631 325 202 78 657 898 861 289 107 603 296 178 480 954 472 572 445 453 656 423 387 470 742 266
519 554 259 224 961 213 881 855 729 814 161 169 945 152 375 579 270 614 439 951 837 38 636 196 680 678 944 227 140 440 797 1 873 259 96 400 827 991 391 121 228 351 706 398 385 387 315 50 335 574 870 655 710 917 861 689 64 988 400 865 129 497 85 343 409 515 169 314 840 879 7 667 335 479 274 787 613 700 248 56 16 229 633 763 830 847 860 872 523 312 674 829 531 933 425 111 972 157 575 76 67 634 197 501 603 860 86 951 585 182 587 127 818 142 951 127 545 992 497 428 581 629 66 793 69 279 172 829 653 776
279 528 569 754 56 449 199 677 566 479 258 995 828 689 744 499 148 32 539 597 48 240 530 417 286 749 163 637 588 690 683 759 620 430 475 773 430 714 395 226 249 784 308 392 213 202 731 253 598 558 827 801 727 885 181 230 138 796 722 527 380 10 914 455 512 63 611 653 738 287 826 442 440 63 568 477 835 541 743 131 806 183 88 71 220 177 378 124 706 365 787 422 84 531 822 918 589 193 86 495 283 90 475 615 663 903 108 184 167 354 23 308 293 982 809 870 507 365 706 22 22 383 548 469 785 249 812 833 459 136
